- OS: Windows-10-10.0.22631-SP0 10.0.22631
- Python: 3.11.9
- Stable-Baselines3: 2.8.0
- PyTorch: 2.12.0+cpu
- GPU Enabled: False
- Numpy: 2.4.6
- Cloudpickle: 3.1.2
- Gymnasium: 1.2.3
